#dummy file for code
x<-10

1+1 == 3

vec<-4*90